0	-0.03	0.696	-0.03	-0.03	0.696
0.01	-0.0308818	0.687626	-0.0356051	-0.0338	0.682383
0.02	-0.0317757	0.679307	-0.0412151	-0.0376	0.668852
0.03	-0.0326816	0.671045	-0.04683	-0.0414	0.655407
0.04	-0.0335994	0.662839	-0.0524498	-0.0452	0.642048
0.05	-0.034529	0.654689	-0.0580745	-0.049	0.628775
0.06	-0.0354705	0.646595	-0.0637041	-0.0528	0.615588
0.07	-0.0364238	0.638557	-0.0693387	-0.0566	0.602487
0.08	-0.0373887	0.630575	-0.0749782	-0.0604	0.589472
0.09	-0.0383653	0.622648	-0.0806226	-0.0642	0.576543
0.1	-0.0393534	0.614778	-0.0862719	-0.068	0.5637
0.11	-0.0403531	0.606963	-0.0919261	-0.0718	0.550943
0.12	-0.0413642	0.599204	-0.0975852	-0.0756	0.538272
0.13	-0.0423867	0.5915	-0.103249	-0.0794	0.525687
0.14	-0.0434205	0.583852	-0.108918	-0.0832	0.513188
0.15	-0.0444656	0.57626	-0.114592	-0.087	0.500775
0.16	-0.0455219	0.568723	-0.120271	-0.0908	0.488448
0.17	-0.0465893	0.561242	-0.125955	-0.0946	0.476207
0.18	-0.0476678	0.553816	-0.131643	-0.0984	0.464052
0.19	-0.0487573	0.546445	-0.137337	-0.1022	0.451983
0.2	-0.0498578	0.539129	-0.143036	-0.106	0.44
0.21	-0.0509692	0.531869	-0.148739	-0.1098	0.428103
0.22	-0.0520914	0.524664	-0.154447	-0.1136	0.416292
0.23	-0.0532243	0.517514	-0.160161	-0.1174	0.404567
0.24	-0.0543679	0.510419	-0.165879	-0.1212	0.392928
0.25	-0.0555222	0.503379	-0.171602	-0.125	0.381375
0.26	-0.056687	0.496394	-0.17733	-0.1288	0.369908
0.27	-0.0578623	0.489463	-0.183063	-0.1326	0.358527
0.28	-0.059048	0.482587	-0.188801	-0.1364	0.347232
0.29	-0.0602441	0.475766	-0.194544	-0.1402	0.336023
0.3	-0.0614505	0.469	-0.200292	-0.144	0.3249
0.31	-0.0626671	0.462288	-0.206045	-0.1478	0.313863
0.32	-0.0638939	0.455631	-0.211803	-0.1516	0.302912
0.33	-0.0651307	0.449028	-0.217566	-0.1554	0.292047
0.34	-0.0663776	0.442479	-0.223334	-0.1592	0.281268
0.35	-0.0676344	0.435985	-0.229106	-0.163	0.270575
0.36	-0.0689011	0.429544	-0.234884	-0.1668	0.259968
0.37	-0.0701776	0.423158	-0.240667	-0.1706	0.249447
0.38	-0.0714639	0.416826	-0.246454	-0.1744	0.239012
0.39	-0.0727597	0.410547	-0.252247	-0.1782	0.228663
0.4	-0.0740652	0.404323	-0.258045	-0.182	0.2184
0.41	-0.0753802	0.398152	-0.263847	-0.1858	0.208223
0.42	-0.0767047	0.392034	-0.269655	-0.1896	0.198132
0.43	-0.0780385	0.385971	-0.275468	-0.1934	0.188127
0.44	-0.0793816	0.37996	-0.281285	-0.1972	0.178208
0.45	-0.0807339	0.374003	-0.287108	-0.201	0.168375
0.46	-0.0820954	0.3681	-0.292936	-0.2048	0.158628
0.47	-0.083466	0.362249	-0.298769	-0.2086	0.148967
0.48	-0.0848455	0.356452	-0.304606	-0.2124	0.139392
0.49	-0.0862339	0.350707	-0.310449	-0.2162	0.129903
0.5	-0.0876312	0.345015	-0.316297	-0.22	0.1205
0.51	-0.0890373	0.339376	-0.32215	-0.2238	0.111183
0.52	-0.090452	0.33379	-0.328008	-0.2276	0.101952
0.53	-0.0918753	0.328256	-0.333871	-0.2314	0.092807
0.54	-0.0933072	0.322774	-0.339739	-0.2352	0.083748
0.55	-0.0947475	0.317345	-0.345612	-0.239	0.074775
0.56	-0.0961961	0.311968	-0.351491	-0.2428	0.065888
0.57	-0.097653	0.306643	-0.357374	-0.2466	0.057087
0.58	-0.0991181	0.30137	-0.363263	-0.2504	0.048372
0.59	-0.100591	0.296149	-0.369156	-0.2542	0.039743
0.6	-0.102073	0.290979	-0.375055	-0.258	0.0312
0.61	-0.103562	0.285861	-0.380959	-0.2618	0.022743
0.62	-0.105059	0.280794	-0.386868	-0.2656	0.014372
0.63	-0.106564	0.275779	-0.392782	-0.2694	0.006087
0.64	-0.108076	0.270815	-0.398701	-0.2732	-0.002112
0.65	-0.109596	0.265902	-0.404626	-0.277	-0.010225
0.66	-0.111124	0.261039	-0.410555	-0.2808	-0.018252
0.67	-0.112659	0.256228	-0.41649	-0.2846	-0.026193
0.68	-0.114201	0.251467	-0.42243	-0.2884	-0.034048
0.69	-0.11575	0.246756	-0.428375	-0.2922	-0.041817
0.7	-0.117307	0.242096	-0.434326	-0.296	-0.0495
0.71	-0.118871	0.237486	-0.440282	-0.2998	-0.057097
0.72	-0.120441	0.232926	-0.446242	-0.3036	-0.064608
0.73	-0.122019	0.228416	-0.452209	-0.3074	-0.072033
0.74	-0.123603	0.223955	-0.45818	-0.3112	-0.079372
0.75	-0.125194	0.219544	-0.464157	-0.315	-0.086625
0.76	-0.126791	0.215182	-0.470139	-0.3188	-0.093792
0.77	-0.128395	0.21087	-0.476126	-0.3226	-0.100873
0.78	-0.130005	0.206606	-0.482119	-0.3264	-0.107868
0.79	-0.131622	0.202392	-0.488117	-0.3302	-0.114777
0.8	-0.133244	0.198226	-0.49412	-0.334	-0.1216
0.81	-0.134873	0.194108	-0.500128	-0.3378	-0.128337
0.82	-0.136508	0.190039	-0.506142	-0.3416	-0.134988
0.83	-0.138148	0.186018	-0.512162	-0.3454	-0.141553
0.84	-0.139794	0.182045	-0.518186	-0.3492	-0.148032
0.85	-0.141446	0.178119	-0.524217	-0.353	-0.154425
0.86	-0.143104	0.174241	-0.530252	-0.3568	-0.160732
0.87	-0.144766	0.17041	-0.536293	-0.3606	-0.166953
0.88	-0.146434	0.166627	-0.54234	-0.3644	-0.173088
0.89	-0.148108	0.16289	-0.548392	-0.3682	-0.179137
0.9	-0.149786	0.1592	-0.554449	-0.372	-0.1851
0.91	-0.151469	0.155557	-0.560512	-0.3758	-0.190977
0.92	-0.153157	0.15196	-0.566581	-0.3796	-0.196768
0.93	-0.15485	0.148408	-0.572655	-0.3834	-0.202473
0.94	-0.156548	0.144903	-0.578734	-0.3872	-0.208092
0.95	-0.158249	0.141443	-0.584819	-0.391	-0.213625
0.96	-0.159956	0.138029	-0.59091	-0.3948	-0.219072
0.97	-0.161666	0.13466	-0.597007	-0.3986	-0.224433
0.98	-0.163381	0.131335	-0.603109	-0.4024	-0.229708
0.99	-0.165099	0.128056	-0.609216	-0.4062	-0.234897
1	-0.166822	0.12482	-0.61533	-0.41	-0.24
