0	-0.76	-0.034	-0.76	-0.76	-0.034	1.0513
0.01	-0.750522	-0.0316552	-0.755577	-0.75384	-0.0364922	1.03877
0.02	-0.741137	-0.0292984	-0.751222	-0.74776	-0.0389888	1.02635
0.03	-0.731844	-0.0269305	-0.746935	-0.74176	-0.0414898	1.01404
0.04	-0.722644	-0.0245523	-0.742716	-0.73584	-0.0439952	1.00184
0.05	-0.713537	-0.0221646	-0.738565	-0.73	-0.046505	0.989745
0.06	-0.704522	-0.0197683	-0.734482	-0.72424	-0.0490192	0.977764
0.07	-0.6956	-0.0173642	-0.730467	-0.71856	-0.0515378	0.965892
0.08	-0.686771	-0.0149532	-0.72652	-0.71296	-0.0540608	0.954129
0.09	-0.678034	-0.012536	-0.72264	-0.70744	-0.0565882	0.942476
0.1	-0.66939	-0.0101137	-0.718828	-0.702	-0.05912	0.930932
0.11	-0.660839	-0.00768689	-0.715084	-0.69664	-0.0616562	0.919498
0.12	-0.652381	-0.00525661	-0.711408	-0.69136	-0.0641968	0.908173
0.13	-0.644015	-0.00282369	-0.707799	-0.68616	-0.0667418	0.896958
0.14	-0.635742	-0.000388975	-0.704258	-0.68104	-0.0692912	0.885852
0.15	-0.627561	0.00204664	-0.700785	-0.676	-0.071845	0.874856
0.16	-0.619474	0.00448229	-0.697379	-0.67104	-0.0744032	0.863969
0.17	-0.611479	0.00691708	-0.69404	-0.66616	-0.0769658	0.853192
0.18	-0.603577	0.00935013	-0.690768	-0.66136	-0.0795328	0.842524
0.19	-0.595767	0.0117805	-0.687564	-0.65664	-0.0821042	0.831965
0.2	-0.588051	0.0142074	-0.684428	-0.652	-0.08468	0.821516
0.21	-0.580427	0.0166299	-0.681358	-0.64744	-0.0872602	0.811177
0.22	-0.572896	0.019047	-0.678356	-0.64296	-0.0898448	0.800947
0.23	-0.565457	0.0214578	-0.675421	-0.63856	-0.0924338	0.790826
0.24	-0.558112	0.0238615	-0.672552	-0.63424	-0.0950272	0.780815
0.25	-0.550859	0.0262571	-0.669751	-0.63	-0.097625	0.770914
0.26	-0.543699	0.0286437	-0.667017	-0.62584	-0.100227	0.761122
0.27	-0.536632	0.0310203	-0.664349	-0.62176	-0.102834	0.751439
0.28	-0.529658	0.033386	-0.661749	-0.61776	-0.105445	0.741866
0.29	-0.522777	0.0357398	-0.659215	-0.61384	-0.10806	0.732402
0.3	-0.515988	0.0380809	-0.656748	-0.61	-0.11068	0.723048
0.31	-0.509293	0.0404082	-0.654347	-0.60624	-0.113304	0.713803
0.32	-0.50269	0.0427208	-0.652013	-0.60256	-0.115933	0.704668
0.33	-0.496181	0.0450177	-0.649746	-0.59896	-0.118566	0.695642
0.34	-0.489764	0.047298	-0.647545	-0.59544	-0.121203	0.686726
0.35	-0.48344	0.0495605	-0.64541	-0.592	-0.123845	0.677919
0.36	-0.477209	0.0518045	-0.643341	-0.58864	-0.126491	0.669222
0.37	-0.471072	0.0540288	-0.641339	-0.58536	-0.129142	0.660634
0.38	-0.465027	0.0562325	-0.639403	-0.58216	-0.131797	0.652155
0.39	-0.459075	0.0584145	-0.637533	-0.57904	-0.134456	0.643786
0.4	-0.453217	0.0605738	-0.635728	-0.576	-0.13712	0.635527
0.41	-0.447451	0.0627094	-0.63399	-0.57304	-0.139788	0.627377
0.42	-0.441779	0.0648203	-0.632318	-0.57016	-0.142461	0.619336
0.43	-0.436199	0.0669054	-0.630711	-0.56736	-0.145138	0.611405
0.44	-0.430713	0.0689636	-0.62917	-0.56464	-0.147819	0.603584
0.45	-0.42532	0.070994	-0.627694	-0.562	-0.150505	0.595872
0.46	-0.42002	0.0729954	-0.626284	-0.55944	-0.153195	0.588269
0.47	-0.414814	0.0749667	-0.62494	-0.55696	-0.15589	0.580776
0.48	-0.4097	0.0769069	-0.62366	-0.55456	-0.158589	0.573392
0.49	-0.40468	0.0788148	-0.622446	-0.55224	-0.161292	0.566118
0.5	-0.399754	0.0806894	-0.621297	-0.55	-0.164	0.558953
0.51	-0.39492	0.0825296	-0.620213	-0.54784	-0.166712	0.551898
0.52	-0.39018	0.0843341	-0.619194	-0.54576	-0.169429	0.544952
0.53	-0.385533	0.0861019	-0.61824	-0.54376	-0.17215	0.538116
0.54	-0.38098	0.0878319	-0.617351	-0.54184	-0.174875	0.531389
0.55	-0.37652	0.0895228	-0.616526	-0.54	-0.177605	0.524772
0.56	-0.372154	0.0911735	-0.615765	-0.53824	-0.180339	0.518264
0.57	-0.367881	0.0927829	-0.61507	-0.53656	-0.183078	0.511865
0.58	-0.363702	0.0943496	-0.614438	-0.53496	-0.185821	0.505576
0.59	-0.359616	0.0958726	-0.613871	-0.53344	-0.188568	0.499397
0.6	-0.355624	0.0973506	-0.613367	-0.532	-0.19132	0.493327
0.61	-0.351726	0.0987824	-0.612928	-0.53064	-0.194076	0.487366
0.62	-0.347921	0.100167	-0.612553	-0.52936	-0.196837	0.481515
0.63	-0.34421	0.101502	-0.612241	-0.52816	-0.199602	0.475774
0.64	-0.340593	0.102788	-0.611993	-0.52704	-0.202371	0.470142
0.65	-0.33707	0.104022	-0.611808	-0.526	-0.205145	0.464619
0.66	-0.33364	0.105204	-0.611687	-0.52504	-0.207923	0.459206
0.67	-0.330304	0.106332	-0.611629	-0.52416	-0.210706	0.453902
0.68	-0.327063	0.107405	-0.611634	-0.52336	-0.213493	0.448708
0.69	-0.323915	0.108421	-0.611702	-0.52264	-0.216284	0.443623
0.7	-0.320861	0.109379	-0.611833	-0.522	-0.21908	0.438648
0.71	-0.317902	0.110278	-0.612027	-0.52144	-0.22188	0.433782
0.72	-0.315037	0.111116	-0.612283	-0.52096	-0.224685	0.429026
0.73	-0.312265	0.111893	-0.612602	-0.52056	-0.227494	0.424379
0.74	-0.309588	0.112606	-0.612983	-0.52024	-0.230307	0.419842
0.75	-0.307006	0.113254	-0.613426	-0.52	-0.233125	0.415414
0.76	-0.304517	0.113835	-0.613931	-0.51984	-0.235947	0.411095
0.77	-0.302123	0.114349	-0.614498	-0.51976	-0.238774	0.406886
0.78	-0.299824	0.114794	-0.615126	-0.51976	-0.241605	0.402787
0.79	-0.297619	0.115167	-0.615816	-0.51984	-0.24444	0.398797
0.8	-0.295509	0.115469	-0.616568	-0.52	-0.24728	0.394916
0.81	-0.293493	0.115696	-0.61738	-0.52024	-0.250124	0.391145
0.82	-0.291572	0.115848	-0.618254	-0.52056	-0.252973	0.387484
0.83	-0.289746	0.115923	-0.619188	-0.52096	-0.255826	0.383932
0.84	-0.288014	0.115919	-0.620183	-0.52144	-0.258683	0.380489
0.85	-0.286378	0.115835	-0.621238	-0.522	-0.261545	0.377156
0.86	-0.284836	0.115669	-0.622354	-0.52264	-0.264411	0.373932
0.87	-0.283389	0.115419	-0.62353	-0.52336	-0.267282	0.370818
0.88	-0.282038	0.115084	-0.624765	-0.52416	-0.270157	0.367813
0.89	-0.280782	0.114662	-0.626061	-0.52504	-0.273036	0.364918
0.9	-0.279621	0.114151	-0.627416	-0.526	-0.27592	0.362132
0.91	-0.278555	0.113549	-0.62883	-0.52704	-0.278808	0.359456
0.92	-0.277585	0.112855	-0.630303	-0.52816	-0.281701	0.356889
0.93	-0.27671	0.112067	-0.631835	-0.52936	-0.284598	0.354432
0.94	-0.275931	0.111183	-0.633425	-0.53064	-0.287499	0.352084
0.95	-0.275248	0.1102	-0.635075	-0.532	-0.290405	0.349845
0.96	-0.27466	0.109118	-0.636782	-0.53344	-0.293315	0.347716
0.97	-0.274168	0.107934	-0.638547	-0.53496	-0.29623	0.345697
0.98	-0.273772	0.106646	-0.64037	-0.53656	-0.299149	0.343787
0.99	-0.273472	0.105252	-0.64225	-0.53824	-0.302072	0.341986
1	-0.273268	0.10375	-0.644188	-0.54	-0.305	0.340295
